1 13
1 875
1 746
1 792
1 486
1 184
1 359
1 51
1 1340
1 435
2 746
2 792
2 12
2 700
2 810
2 141
2 92
2 606
2 909
2 1380
3 399
3 144
3 485
3 181
3 90
3 91
3 5
3 518
3 6
3 142
4 166
4 488
4 410
4 1296
4 1252
4 552
4 236
4 317
4 1241
4 185
5 552
5 142
5 1217
5 1209
5 1379
5 641
5 1198
5 307
5 495
5 1240
6 491
6 1308
6 1273
6 544
6 997
6 385
6 386
6 497
6 1074
6 271
7 492
7 57
7 248
7 469
7 48
7 907
7 354
7 58
7 56
7 1307
8 492
8 711
8 232
8 69
8 441
8 461
8 469
8 57
8 248
8 1082
9 21
9 22
9 550
9 959
9 168
9 398
9 98
9 240
9 387
9 45
10 302
10 1214
10 1143
10 691
10 1150
10 617
10 1274
10 1319
10 616
10 332
11 495
11 11
11 1327
11 262
11 160
11 654
11 777
11 1238
11 369
11 164
12 624
12 590
12 1222
12 1221
12 1342
12 245
12 966
12 34
12 941
12 1164
13 496
13 313
13 1242
13 507
13 199
13 643
13 132
13 1288
13 1056
13 580
14 170
14 64
14 265
14 335
14 1364
14 345
14 798
14 291
14 256
14 132
15 553
15 82
15 1098
15 1096
15 405
15 108
15 463
15 302
15 183
15 364
16 106
16 498
16 231
16 336
16 360
16 249
16 192
16 494
16 279
16 410
17 700
17 106
17 1281
17 1195
17 660
17 8
17 264
17 1368
17 417
17 1184
18 248
18 57
18 56
18 492
18 469
18 124
18 907
18 197
18 354
18 58
19 1242
19 172
19 286
19 313
19 1221
19 78
19 1346
19 714
19 1087
19 275
20 500
20 88
20 268
20 87
20 270
20 550
20 963
20 269
20 295
20 607
21 883
21 1303
21 502
21 68
21 413
21 193
21 16
21 460
21 204
21 376
22 140
22 1212
22 125
22 165
22 413
22 145
22 786
22 254
22 493
22 872
23 892
23 185
23 899
23 141
23 1112
23 1197
23 1287
23 1111
23 184
23 718
24 756
24 46
24 833
24 1361
24 1317
24 925
24 163
24 612
24 888
24 439
25 588
25 511
25 214
25 540
25 277
25 231
25 988
25 989
25 212
25 487
26 611
26 306
26 148
26 1282
26 207
26 4
26 1182
26 1076
26 1237
26 180
27 1176
27 838
27 1132
27 681
27 1129
27 888
27 1178
27 833
27 1133
27 415
28 681
28 1048
28 521
28 1235
28 433
28 1329
28 415
28 744
28 1208
28 1362
29 420
29 514
29 465
29 222
29 901
29 601
29 250
29 612
29 900
29 26
30 680
30 633
30 752
30 466
30 601
30 902
30 230
30 147
30 465
30 901
31 751
31 698
31 277
31 1320
31 68
31 678
31 920
31 918
31 1281
31 487
32 752
32 467
32 1186
32 738
32 556
32 557
32 1044
32 27
32 1210
32 921
33 516
33 431
33 1003
33 1004
33 1005
33 1006
33 1007
33 1008
33 1009
33 1010
34 672
34 799
34 252
34 610
34 516
34 608
34 198
34 1001
34 431
34 311
35 1327
35 654
35 1203
35 166
35 171
35 724
35 1156
35 296
35 113
35 488
36 387
36 303
36 135
36 980
36 45
36 37
36 21
36 585
36 623
36 959
37 503
37 232
37 186
37 38
37 492
37 461
37 126
37 121
37 370
37 519
38 536
38 976
38 294
38 295
38 154
38 138
38 927
38 1141
38 1368
38 446
39 337
39 1278
39 40
39 1220
39 113
39 79
39 207
39 1264
39 1324
39 43
40 536
40 113
40 37
40 976
40 295
40 589
40 138
40 1141
40 1368
40 446
41 289
41 288
41 1141
41 927
41 1196
41 433
41 229
41 154
41 875
41 643
42 521
42 440
42 439
42 526
42 467
42 404
42 797
42 468
42 121
42 916
43 467
43 122
43 1194
43 404
43 916
43 454
43 440
43 503
43 194
43 521
44 552
44 20
44 703
44 1174
44 820
44 821
44 99
44 1044
44 223
44 752
45 305
45 525
45 84
45 37
45 540
45 623
45 344
45 573
45 123
45 338
46 525
46 305
46 623
46 37
46 1213
46 1185
46 378
46 584
46 344
46 352
47 525
47 304
47 305
47 310
47 1200
47 568
47 308
47 540
47 9
47 663
48 440
48 526
48 797
48 439
48 521
48 683
48 222
48 334
48 191
48 211
49 322
49 476
49 321
49 320
49 527
49 349
49 150
49 648
49 376
49 538
50 326
50 528
50 1301
50 992
50 192
50 494
50 1204
50 336
50 1112
50 337
51 94
51 133
51 326
51 106
51 528
51 1301
51 192
51 494
51 1112
51 336
52 326
52 211
52 528
52 1215
52 133
52 899
52 1204
52 306
52 342
52 629
53 208
53 1253
53 1236
53 61
53 298
53 448
53 267
53 1377
53 89
53 269
54 123
54 623
54 84
54 344
54 1213
54 1185
54 338
54 354
54 305
54 480
55 460
55 1383
55 376
55 1282
55 255
55 1236
55 16
55 1301
55 348
55 397
56 441
56 871
56 638
56 685
56 503
56 748
56 783
56 1060
56 658
56 677
57 1181
57 380
57 753
57 375
57 871
57 278
57 458
57 1369
57 495
57 896
58 754
58 785
58 599
58 801
58 270
58 539
58 784
58 554
58 1159
58 120
59 261
59 785
59 105
59 382
59 784
59 789
59 854
59 1084
59 1055
59 912
60 322
60 321
60 320
60 527
60 476
60 833
60 1311
60 1073
60 11
60 1224
61 539
61 566
61 564
61 499
61 283
61 1258
61 907
61 555
61 1159
61 1191
62 483
62 533
62 1384
62 1081
62 1262
62 36
62 116
62 1258
62 105
62 381
63 204
63 738
63 745
63 1045
63 1046
63 1047
63 866
63 370
63 1381
63 678
64 482
64 718
64 239
64 1201
64 736
64 787
64 1342
64 415
64 357
64 874
65 388
65 180
65 3
65 664
65 1370
65 393
65 1282
65 4
65 1366
65 1311
66 576
66 590
66 389
66 4
66 1282
66 973
66 660
66 664
66 1138
66 398
67 180
67 3
67 664
67 1370
67 393
67 388
67 1282
67 458
67 4
67 389
68 628
68 344
68 343
68 370
68 565
68 339
68 1240
68 661
68 662
68 249
69 155
69 459
69 977
69 570
69 59
69 1138
69 255
69 307
69 349
69 1193
70 349
70 104
70 155
70 459
70 977
70 570
70 565
70 255
70 307
70 1149
71 540
71 305
71 573
71 1364
71 409
71 323
71 1299
71 256
71 63
71 537
72 1080
72 244
72 413
72 1191
72 564
72 361
72 285
72 687
72 630
72 668
73 541
73 1296
73 332
73 410
73 160
73 577
73 573
73 103
73 488
73 25
74 1153
74 876
74 576
74 575
74 1098
74 1143
74 431
74 280
74 574
74 68
75 303
75 324
75 437
75 24
75 524
75 559
75 1161
75 323
75 438
75 668
76 667
76 666
76 670
76 1082
76 1191
76 668
76 1080
76 1299
76 238
76 803
77 667
77 1384
77 1191
77 668
77 1080
77 666
77 670
77 1154
77 238
77 179
78 589
78 590
78 591
78 543
78 138
78 592
78 216
78 426
78 1102
78 214
79 1066
79 593
79 546
79 205
79 662
79 1104
79 1378
79 594
79 1062
79 755
80 917
80 1318
80 594
80 185
80 1345
80 1335
80 199
80 50
80 945
80 599
81 631
81 799
81 714
81 608
81 575
81 594
81 598
81 109
81 876
81 1354
82 677
82 1334
82 632
82 247
82 1332
82 676
82 924
82 637
82 705
82 1339
83 224
83 680
83 1060
83 1230
83 871
83 428
83 898
83 936
83 512
83 930
84 294
84 398
84 522
84 923
84 1185
84 283
84 98
84 1281
84 101
84 387
85 418
85 96
85 311
85 109
85 294
85 1155
85 608
85 516
85 575
85 594
86 594
86 755
86 790
86 878
86 598
86 608
86 1155
86 516
86 431
86 280
87 26
87 572
87 610
87 334
87 1228
87 526
87 569
87 496
87 71
87 211
88 548
88 614
88 613
88 622
88 616
88 615
88 619
88 617
88 621
88 618
89 797
89 793
89 679
89 222
89 464
89 226
89 632
89 916
89 1341
89 1338
90 1187
90 416
90 358
90 209
90 1278
90 504
90 293
90 1216
90 1383
90 1385
91 800
91 799
91 610
91 672
91 252
91 797
91 315
91 879
91 520
91 197
92 811
92 758
92 683
92 1373
92 1219
92 804
92 834
92 809
92 985
92 684
93 691
93 635
93 1336
93 1150
93 68
93 1230
93 355
93 958
93 232
93 1159
94 559
94 1393
94 437
94 35
94 1099
94 303
94 524
94 24
94 1161
94 501
95 370
95 1191
95 662
95 635
95 1258
95 283
95 240
95 1384
95 689
95 560
96 698
96 637
96 705
96 677
96 1334
96 247
96 1332
96 632
96 902
96 699
97 1331
97 882
97 783
97 1327
97 440
97 262
97 371
97 356
97 790
97 654
98 673
98 638
98 1095
98 222
98 631
98 139
98 712
98 7
98 189
98 245
99 639
99 719
99 716
99 983
99 499
99 944
99 717
99 618
99 32
99 69
100 760
100 1122
100 739
100 822
100 741
100 740
100 1171
100 1126
100 953
100 742
101 825
101 818
101 1119
101 820
101 1067
101 835
101 817
101 1120
101 819
101 863
102 910
102 913
102 1242
102 313
102 1339
102 1001
102 119
102 728
102 729
102 516
103 1127
103 761
103 1050
103 440
103 1048
103 1049
103 1128
103 826
103 770
103 771
104 863
104 762
104 910
104 1333
104 241
104 1316
104 644
104 642
104 913
104 821
105 764
105 848
105 846
105 763
105 847
105 953
105 844
105 1071
105 1036
105 1037
106 847
106 344
106 878
106 1036
106 1037
106 1038
106 1039
106 1040
106 1042
106 1043
107 725
107 911
107 497
107 909
107 640
107 720
107 1165
107 209
107 834
107 47
108 883
108 726
108 75
108 724
108 866
108 884
108 720
108 768
108 640
108 727
109 51
109 658
109 142
109 1361
109 859
109 982
109 5
109 877
109 709
109 1104
110 863
110 862
110 424
110 744
110 1060
110 915
110 735
110 1173
110 951
110 1399
111 894
111 658
111 627
111 15
111 285
111 864
111 914
111 390
111 856
111 392
112 641
112 731
112 648
112 730
112 854
112 425
112 855
112 422
112 322
112 735
113 205
113 1328
113 748
113 685
113 701
113 1104
113 1272
113 272
113 1333
113 1367
114 895
114 783
114 965
114 780
114 1248
114 1133
114 990
114 919
114 1290
114 918
115 875
115 252
115 746
115 45
115 187
115 811
115 37
115 1083
115 11
115 294
116 605
116 1292
116 1378
116 1206
116 1351
116 1308
116 63
116 814
116 932
116 522
117 229
117 1328
117 1032
117 927
117 434
117 60
117 1115
117 1312
117 1092
117 952
118 923
118 520
118 1239
118 246
118 1075
118 924
118 230
118 360
118 600
118 1345
119 1056
119 1361
119 1363
119 1055
119 930
119 1054
119 1095
119 830
119 744
119 1145
120 769
120 887
120 886
120 891
120 890
120 763
120 897
120 1173
120 739
120 1146
121 887
121 1146
121 769
121 1056
121 891
121 31
121 886
121 744
121 863
121 890
122 931
122 898
122 1100
122 897
122 1070
122 937
122 957
122 934
122 1118
122 930
123 941
123 1222
123 966
123 389
123 34
123 1076
123 624
123 910
123 939
123 392
124 941
124 171
124 931
124 63
124 1001
124 109
124 1395
124 1394
124 1305
124 714
125 1074
125 993
125 1075
125 772
125 997
125 1093
125 1062
125 519
125 911
125 923
126 974
126 1288
126 1326
126 397
126 368
126 1265
126 451
126 969
126 337
126 1082
127 981
127 5
127 1063
127 1073
127 651
127 29
127 155
127 459
127 383
127 185
128 945
128 92
128 1063
128 1246
128 1388
128 111
128 315
128 1124
128 1219
128 792
129 989
129 988
129 660
129 476
129 376
129 4
129 527
129 255
129 998
129 945
130 948
130 658
130 727
130 982
130 859
130 15
130 627
130 51
130 419
130 728
131 950
131 1317
131 1125
131 1242
131 981
131 1024
131 1026
131 1027
131 1030
131 1034
132 950
132 221
132 1099
132 1024
132 1025
132 1026
132 1027
132 1028
132 1029
132 1030
133 950
133 1024
133 1026
133 1027
133 1028
133 1029
133 1030
133 1025
133 1034
133 1035
134 195
134 951
134 1012
134 883
134 753
134 897
134 1024
134 1025
134 1026
134 1027
135 1024
135 1026
135 1027
135 1028
135 1029
135 1030
135 1031
135 1034
135 1035
135 1025
136 831
136 1033
136 409
136 897
136 1024
136 1025
136 1026
136 1027
136 1028
136 1029
137 952
137 1032
137 1172
137 847
137 1125
137 1171
137 953
137 950
137 1288
137 421
138 953
138 847
138 763
138 852
138 846
138 764
138 760
138 848
138 841
138 1123
139 953
139 847
139 763
139 846
139 764
139 1129
139 760
139 723
139 848
139 841
140 954
140 1041
140 30
140 837
140 497
140 1175
140 195
140 146
140 723
140 922
141 1135
141 836
141 817
141 424
141 1175
141 1041
141 729
141 828
141 954
141 735
142 1175
142 1136
142 852
142 953
142 954
142 885
142 683
142 1373
142 851
142 887
143 954
143 1129
143 1041
143 852
143 828
143 1132
143 930
143 1138
143 953
143 1360
144 839
144 1051
144 1046
144 1047
144 1045
144 955
144 1178
144 800
144 842
144 854
145 1048
145 1045
145 1046
145 1047
145 454
145 928
145 826
145 605
145 839
145 1176
146 955
146 840
146 1045
146 1046
146 1047
146 641
146 928
146 839
146 38
146 492
147 956
147 1049
147 1050
147 1145
147 1128
147 1358
147 1172
147 1392
147 391
147 931
148 1048
148 826
148 1050
148 1127
148 761
148 928
148 1069
148 1146
148 1174
148 820
149 930
149 1361
149 1363
149 830
149 579
149 1056
149 931
149 937
149 1070
149 957
150 1062
150 1074
150 1075
150 1108
150 231
150 259
150 1259
150 1140
150 923
150 1202
151 677
151 225
151 924
151 1261
151 1342
151 783
151 917
151 370
151 54
151 122
152 336
152 1261
152 1365
152 671
152 1225
152 54
152 1386
152 547
152 899
152 458
153 1088
153 1085
153 1063
153 1081
153 228
153 1079
153 1082
153 551
153 252
153 850
154 1088
154 1087
154 832
154 1262
154 1054
154 1085
154 551
154 681
154 1294
154 1382
155 1005
155 1003
155 1004
155 1006
155 1007
155 1008
155 1009
155 1010
155 1011
155 1065
156 553
156 1096
156 1098
156 82
156 818
156 892
156 587
156 1097
156 1100
156 1111
157 1214
157 994
157 456
157 1377
157 1151
157 498
157 25
157 1234
157 332
157 77
158 302
158 552
158 949
158 1303
158 1314
158 691
158 571
158 193
158 767
158 549
159 1066
159 1197
159 1112
159 849
159 708
159 192
159 494
159 42
159 432
159 927
160 1071
160 891
160 763
160 769
160 885
160 954
160 887
160 935
160 831
160 739
161 1185
161 1386
161 54
161 1192
161 461
161 383
161 55
161 364
161 50
161 784
162 62
162 55
162 54
162 784
162 255
162 562
162 1366
162 59
162 23
162 460
163 492
163 441
163 57
163 56
163 69
163 48
163 1077
163 767
163 37
163 354
164 1187
164 416
164 358
164 209
164 1278
164 311
164 504
164 1216
164 1383
164 1385
165 504
165 978
165 72
165 1268
165 49
165 209
165 1187
165 1311
165 1203
165 16
166 504
166 1364
166 72
166 271
166 73
166 256
166 209
166 569
166 55
166 1187
167 1098
167 1279
167 553
167 1185
167 1096
167 1193
167 266
167 869
167 480
167 572
168 118
168 750
168 301
168 217
168 467
168 965
168 774
168 949
168 1182
168 127
169 118
169 750
169 127
169 276
169 949
169 301
169 249
169 217
169 467
169 341
170 893
170 239
170 238
170 904
170 905
170 1082
170 139
170 906
170 1191
170 1080
171 431
171 516
171 1003
171 1004
171 1005
171 1006
171 1007
171 1008
171 1009
171 1010
172 322
172 321
172 320
172 476
172 527
172 981
172 731
172 1311
172 1138
172 425
173 532
173 1073
173 917
173 367
173 1086
173 1087
173 681
173 931
173 1388
173 851
174 411
174 483
174 533
174 1389
174 1140
174 1390
174 501
174 482
174 1101
174 1287
175 1080
175 1191
175 668
175 666
175 667
175 670
175 238
175 1082
175 53
175 1222
176 542
176 164
176 869
176 1073
176 160
176 981
176 1248
176 963
176 586
176 518
177 589
177 590
177 588
177 543
177 138
177 592
177 216
177 426
177 42
177 1102
178 591
178 138
178 592
178 216
178 523
178 589
178 590
178 990
178 426
178 1323
179 224
179 753
179 680
179 278
179 677
179 445
179 468
179 1332
179 512
179 705
180 622
180 616
180 548
180 882
180 1173
180 710
180 184
180 578
180 885
180 719
181 1074
181 993
181 1075
181 997
181 1093
181 1062
181 221
181 1377
181 519
181 923
182 634
182 947
182 564
182 1198
182 1107
182 440
182 521
182 211
182 572
182 26
183 804
183 811
183 758
183 809
183 808
183 925
183 1243
183 1247
183 1045
183 1046
184 1346
184 254
184 1379
184 309
184 1141
184 117
184 32
184 1048
184 1207
184 826
185 856
185 390
185 857
185 658
185 15
185 627
185 285
185 864
185 914
185 878
186 230
186 520
186 610
186 672
186 1075
186 923
186 1074
186 1062
186 680
186 433
187 763
187 841
187 846
187 839
187 847
187 955
187 769
187 764
187 848
187 891
188 725
188 911
188 722
188 497
188 720
188 909
188 723
188 640
188 997
188 1279
189 640
189 252
189 767
189 868
189 1177
189 1166
189 1088
189 367
189 865
189 945
190 627
190 42
190 285
190 658
190 15
190 1066
190 864
190 914
190 390
190 856
191 658
191 15
191 627
191 1392
191 728
191 285
191 864
191 914
191 390
191 660
192 734
192 641
192 735
192 647
192 777
192 1202
192 1212
192 726
192 925
192 424
193 730
193 1088
193 641
193 400
193 735
193 734
193 1224
193 425
193 373
193 1396
194 642
194 744
194 740
194 742
194 932
194 1145
194 1126
194 822
194 928
194 1122
195 642
195 1055
195 1054
195 744
195 130
195 742
195 833
195 932
195 1294
195 740
196 875
196 746
196 252
196 187
196 811
196 11
196 13
196 142
196 540
196 685
197 884
197 881
197 768
197 923
197 50
197 945
197 867
197 781
197 1318
197 869
198 763
198 897
198 886
198 252
198 440
198 1173
198 739
198 890
198 741
198 769
199 930
199 1294
199 744
199 130
199 1361
199 1363
199 1055
199 830
199 1054
199 1056
200 159
200 1134
200 1138
200 990
200 1071
200 1294
200 843
200 889
200 1073
200 885
201 1299
201 625
201 578
201 410
201 1391
201 1252
201 1344
201 1241
201 69
201 1245
202 1285
202 1378
202 421
202 605
202 1231
202 1303
202 19
202 194
202 1315
202 923
203 1378
203 1308
203 1261
203 923
203 1133
203 1315
203 482
203 833
203 1311
203 29
204 1184
204 139
204 197
204 1261
204 496
204 38
204 370
204 455
204 57
204 128
205 1322
205 1287
205 73
205 1321
205 1199
205 133
205 1384
205 1367
205 662
205 50
206 1290
206 205
206 879
206 252
206 866
206 790
206 441
206 204
206 799
206 883
207 749
207 1188
207 710
207 818
207 698
207 458
207 925
207 920
207 1185
207 1337
208 1291
208 1344
208 1380
208 1345
208 1219
208 699
208 1204
208 1201
208 674
208 1334
209 1385
209 457
209 1278
209 1228
209 358
209 1383
209 562
209 526
209 461
209 1225
210 1172
210 1171
210 1145
210 938
210 831
210 1132
210 1125
210 1071
210 843
210 889
211 763
211 891
211 852
211 886
211 897
211 744
211 1071
211 1173
211 739
211 890
212 888
212 838
212 1178
212 1176
212 642
212 1146
212 823
212 66
212 870
212 1293
213 885
213 822
213 769
213 891
213 1173
213 642
213 742
213 928
213 1122
213 887
214 1294
214 1362
214 744
214 130
214 833
214 1055
214 1054
214 852
214 830
214 831
215 535
215 1205
215 357
215 707
215 456
215 1377
215 1356
215 1391
215 328
215 25
216 1032
216 19
216 971
216 330
216 675
216 512
216 1077
216 1064
216 345
216 117
217 1281
217 294
217 559
217 554
217 283
217 946
217 65
217 101
217 666
217 670
218 559
218 283
218 101
218 670
218 666
218 294
218 1281
218 1300
218 1147
218 1393
219 149
219 361
219 244
219 680
219 1367
219 53
219 1080
219 1256
219 1107
219 992
220 292
220 1365
220 1240
220 382
220 458
220 111
220 4
220 784
220 307
220 23
221 1366
221 435
221 54
221 1386
221 352
221 266
221 787
221 122
221 632
221 1227
222 1399
222 1400
222 1396
222 419
222 400
222 1357
222 1358
222 1397
222 1070
222 1398
223 400
223 1398
223 1399
223 863
223 1400
223 1396
223 664
223 180
223 393
223 3
224 1286
224 236
224 541
224 401
224 1299
224 317
224 1329
224 1298
224 1312
224 231
225 1188
225 1344
225 1218
225 816
225 1124
225 1000
225 1380
225 1291
225 674
225 969
