1 51
1 486
1 12
1 184
1 878
1 573
1 665
1 746
1 944
1 141
2 12
2 746
2 51
2 1169
2 1089
2 100
2 184
2 141
2 14
2 810
3 485
3 5
3 144
3 399
3 91
3 90
3 181
3 579
3 6
3 582
4 166
4 488
4 1189
4 1061
4 167
4 1315
4 1374
4 575
4 1275
4 185
5 103
5 1032
5 401
5 943
5 552
5 968
5 1296
5 368
5 625
5 1374
6 491
6 257
6 386
6 385
6 1374
6 610
6 1273
6 406
6 767
6 1196
7 492
7 973
7 434
7 57
7 56
7 122
7 124
7 1231
7 232
7 1040
8 492
8 122
8 907
8 443
8 711
8 1231
8 69
8 248
8 569
8 1083
9 21
9 550
9 45
9 22
9 306
9 102
9 571
9 1215
9 549
9 398
10 493
10 302
10 1143
10 949
10 1199
10 524
10 405
10 1010
10 1286
10 691
11 495
11 472
11 556
11 654
11 1186
11 28
11 1327
11 72
11 305
11 570
12 624
12 650
12 649
12 506
12 966
12 1221
12 941
12 1232
12 1164
12 1223
13 496
13 903
13 520
13 313
13 440
13 643
13 38
13 199
13 880
13 415
14 64
14 402
14 132
14 170
14 439
14 256
14 335
14 798
14 65
14 1364
15 462
15 463
15 1099
15 1025
15 1340
15 1043
15 761
15 1097
15 542
15 1065
16 498
16 106
16 1255
16 231
16 494
16 248
16 1328
16 1112
16 927
16 259
17 1108
17 700
17 1281
17 336
17 1301
17 445
17 106
17 577
17 1206
17 527
18 248
18 197
18 498
18 56
18 492
18 234
18 1352
18 1231
18 801
18 927
19 706
19 1052
19 164
19 1346
19 82
19 140
19 1000
19 714
19 353
19 987
20 500
20 268
20 88
20 270
20 87
20 450
20 407
20 584
20 396
20 408
21 502
21 68
21 421
21 686
21 1051
21 961
21 343
21 17
21 1007
21 628
22 125
22 560
22 50
22 413
22 81
22 348
22 565
22 254
22 207
22 165
23 892
23 899
23 902
23 753
23 718
23 14
23 1259
23 1109
23 185
23 530
24 756
24 46
24 833
24 12
24 47
24 1034
24 837
24 883
24 724
24 51
25 277
25 215
25 214
25 216
25 213
25 121
25 987
25 212
25 511
25 772
26 307
26 382
26 145
26 611
26 568
26 96
26 305
26 4
26 629
26 547
27 1176
27 1031
27 1035
27 888
27 512
27 1178
27 1293
27 224
27 428
27 1129
28 367
28 762
28 1051
28 674
28 921
28 680
28 683
28 1176
28 246
28 227
29 465
29 612
29 420
29 514
29 900
29 146
29 513
29 250
29 601
29 147
30 683
30 513
30 601
30 633
30 1197
30 902
30 921
30 420
30 225
30 222
31 751
31 1209
31 1153
31 1245
31 228
31 1082
31 916
31 918
31 247
31 895
32 752
32 250
32 1186
32 1259
32 247
32 147
32 921
32 802
32 1112
32 468
33 516
33 141
33 431
33 252
33 904
33 800
33 1163
33 808
33 714
33 76
34 1153
34 516
34 431
34 1062
34 1074
34 799
34 280
34 1243
34 795
34 1350
35 1244
35 1314
35 1208
35 1327
35 1203
35 1389
35 654
35 296
35 65
35 1276
36 168
36 623
36 123
36 353
36 550
36 959
36 518
36 661
36 546
36 303
37 186
37 1311
37 952
37 1352
37 126
37 283
37 234
37 409
37 1229
37 242
38 536
38 976
38 1391
38 294
38 295
38 979
38 1211
38 93
38 1279
38 433
39 1205
39 272
39 346
39 1257
39 9
39 1278
39 37
39 43
39 1211
39 7
40 536
40 1205
40 37
40 976
40 272
40 186
40 9
40 330
40 295
40 1158
41 289
41 433
41 229
41 1152
41 927
41 288
41 126
41 520
41 432
41 1277
42 521
42 526
42 440
42 496
42 503
42 468
42 469
42 467
42 797
42 903
43 467
43 469
43 496
43 404
43 503
43 903
43 468
43 194
43 440
43 526
44 1190
44 103
44 1199
44 108
44 1031
44 541
44 367
44 357
44 1148
44 943
45 305
45 525
45 540
45 1395
45 353
45 625
45 37
45 84
45 573
45 1200
46 305
46 353
46 525
46 123
46 84
46 1185
46 655
46 481
46 623
46 274
47 525
47 568
47 305
47 1200
47 327
47 570
47 310
47 304
47 308
47 307
48 526
48 440
48 683
48 439
48 797
48 638
48 222
48 880
48 521
48 1169
49 527
49 321
49 322
49 349
49 320
49 476
49 1370
49 150
49 1235
49 479
50 192
50 326
50 801
50 124
50 494
50 1259
50 273
50 337
50 992
50 541
51 326
51 494
51 528
51 1213
51 94
51 261
51 23
51 192
51 1214
51 1259
52 550
52 326
52 21
52 1215
52 306
52 629
52 528
52 22
52 96
52 1214
53 208
53 1221
53 437
53 407
53 1253
53 269
53 298
53 531
53 1236
53 61
54 123
54 84
54 1213
54 44
54 1307
54 305
54 525
54 1185
54 623
54 338
55 376
55 17
55 460
55 377
55 1301
55 1185
55 798
55 1214
55 375
55 1241
56 753
56 441
56 14
56 1339
56 783
56 638
56 899
56 1331
56 634
56 1105
57 753
57 380
57 1181
57 916
57 1339
57 444
57 52
57 810
57 1275
57 1338
58 754
58 269
58 873
58 120
58 270
58 1159
58 963
58 268
58 788
58 88
59 785
59 381
59 382
59 789
59 842
59 1055
59 105
59 1154
59 786
59 912
60 527
60 321
60 322
60 320
60 476
60 107
60 833
60 365
60 1235
60 150
61 564
61 566
61 539
61 435
61 1213
61 333
61 1307
61 1258
61 854
61 565
62 483
62 381
62 452
62 533
62 785
62 105
62 459
62 1383
62 788
62 787
63 1135
63 843
63 839
63 1045
63 1106
63 629
63 891
63 1051
63 287
63 491
64 390
64 52
64 627
64 719
64 441
64 914
64 1107
64 482
64 277
64 894
65 388
65 3
65 569
65 393
65 1355
65 180
65 664
65 4
65 1106
65 1311
66 128
66 191
66 305
66 629
66 1251
66 1206
66 366
66 1182
66 329
66 458
67 393
67 180
67 3
67 4
67 664
67 306
67 388
67 2
67 1107
67 629
68 628
68 344
68 560
68 338
68 773
68 662
68 364
68 343
68 480
68 1205
69 128
69 111
69 306
69 540
69 264
69 1383
69 393
69 292
69 394
69 664
70 540
70 180
70 300
70 349
70 1149
70 62
70 104
70 1235
70 365
70 320
71 540
71 573
71 305
71 525
71 1299
71 63
71 26
71 1253
71 570
71 1395
72 1395
72 630
72 63
72 315
72 1313
72 187
72 663
72 666
72 570
72 139
73 332
73 541
73 573
73 401
73 1296
73 625
73 574
73 577
73 488
73 1010
74 625
74 1153
74 876
74 1295
74 68
74 185
74 372
74 1143
74 26
74 431
75 55
75 645
75 565
75 1395
75 82
75 1393
75 50
75 630
75 324
75 54
76 630
76 666
76 667
76 1394
76 565
76 328
76 1007
76 474
76 43
76 307
77 329
77 1395
77 630
77 1264
77 667
77 170
77 537
77 1215
77 668
77 347
78 589
78 543
78 588
78 237
78 578
78 590
78 216
78 592
78 426
78 138
79 199
79 544
79 567
79 1066
79 755
79 413
79 56
79 1310
79 597
79 347
80 544
80 546
80 1335
80 602
80 441
80 813
80 878
80 1020
80 1019
80 790
81 714
81 631
81 799
81 672
81 203
81 755
81 140
81 544
81 1153
81 904
82 678
82 1334
82 1339
82 676
82 247
82 465
82 1332
82 781
82 1289
82 677
83 1275
83 753
83 898
83 680
83 1196
83 428
83 224
83 633
83 688
83 19
84 294
84 522
84 873
84 378
84 554
84 36
84 142
84 17
84 21
84 555
85 710
85 315
85 184
85 1287
85 84
85 314
85 294
85 1155
85 80
85 207
86 755
86 594
86 790
86 431
86 188
86 179
86 1155
86 1290
86 280
86 141
87 547
87 1228
87 439
87 797
87 334
87 26
87 134
87 667
87 1198
87 2
88 548
88 617
88 613
88 622
88 615
88 616
88 614
88 618
88 621
88 619
89 1338
89 757
89 879
89 464
89 793
89 1290
89 699
89 924
89 52
89 632
90 265
90 1187
90 358
90 1228
90 1257
90 569
90 1364
90 311
90 71
90 798
91 252
91 924
91 795
91 799
91 431
91 1153
91 672
91 520
91 316
91 1154
92 810
92 758
92 806
92 807
92 804
92 683
92 1247
92 809
92 1331
92 1093
93 635
93 691
93 68
93 1336
93 1241
93 421
93 1143
93 1335
93 628
93 1157
94 283
94 1393
94 559
94 983
94 1104
94 1394
94 1161
94 101
94 438
94 84
95 635
95 1002
95 662
95 553
95 1258
95 283
95 628
95 689
95 554
95 1104
96 637
96 698
96 699
96 680
96 1339
96 779
96 705
96 465
96 803
96 288
97 1331
97 779
97 1289
97 882
97 1270
97 783
97 781
97 790
97 1214
97 701
98 638
98 673
98 1343
98 792
98 288
98 1163
98 433
98 85
98 1393
98 704
99 639
99 715
99 719
99 716
99 717
99 67
99 164
99 1000
99 1348
99 682
100 760
100 1122
100 822
100 1126
100 1172
100 897
100 740
100 739
100 885
100 743
101 819
101 817
101 818
101 760
101 820
101 1119
101 823
101 825
101 837
101 826
102 910
102 729
102 1339
102 728
102 1290
102 1092
102 1007
102 1001
102 1389
102 516
103 761
103 1214
103 1050
103 1048
103 1127
103 956
103 1126
103 951
103 251
103 906
104 762
104 462
104 644
104 1024
104 837
104 840
104 824
104 1177
104 1055
104 744
105 764
105 848
105 847
105 846
105 953
105 763
105 1126
105 1067
105 743
105 739
106 847
106 764
106 1036
106 848
106 953
106 844
106 846
106 1042
106 739
106 42
107 640
107 725
107 883
107 909
107 220
107 724
107 12
107 870
107 720
107 836
108 75
108 724
108 884
108 720
108 726
108 883
108 727
108 640
108 768
108 909
109 391
109 859
109 1008
109 627
109 711
109 51
109 31
109 658
109 5
109 390
110 862
110 15
110 1387
110 412
110 1117
110 1177
110 1131
110 1035
110 856
110 642
111 894
111 390
111 627
111 856
111 857
111 1008
111 1131
111 392
111 766
111 1392
112 641
112 730
112 734
112 422
112 736
112 733
112 735
112 648
112 831
112 936
113 815
113 704
113 748
113 638
113 708
113 265
113 467
113 360
113 1272
113 812
114 895
114 712
114 1266
114 919
114 1290
114 918
114 917
114 465
114 780
114 685
115 184
115 486
115 540
115 746
115 875
115 102
115 51
115 549
115 81
115 284
116 1106
116 1038
116 522
116 605
116 384
116 48
116 225
116 759
116 1218
116 272
117 229
117 230
117 282
117 1304
117 60
117 907
117 924
117 782
117 1164
117 196
118 246
118 520
118 229
118 923
118 924
118 803
118 1075
118 1062
118 1074
118 1243
119 926
119 1024
119 928
119 744
119 533
119 1055
119 897
119 1362
119 765
119 1033
120 769
120 887
120 890
120 1172
120 886
120 1122
120 1146
120 740
120 885
120 888
121 769
121 1146
121 887
121 888
121 1017
121 890
121 1177
121 1178
121 1117
121 1127
122 898
122 1070
122 931
122 935
122 938
122 930
122 1171
122 78
122 934
122 743
123 941
123 742
123 1360
123 1221
123 387
123 112
123 740
123 775
123 1270
123 34
124 941
124 898
124 516
124 1070
124 442
124 938
124 934
124 535
124 514
124 1288
125 997
125 993
125 176
125 1083
125 131
125 696
125 1074
125 970
125 1350
125 1093
126 1326
126 1288
126 974
126 1095
126 773
126 1083
126 1265
126 1169
126 397
126 1237
127 6
127 5
127 869
127 981
127 582
127 158
127 944
127 587
127 585
127 91
128 945
128 1063
128 745
128 92
128 1087
128 248
128 493
128 1219
128 1246
128 762
129 945
129 988
129 987
129 989
129 86
129 527
129 985
129 278
129 637
129 314
130 859
130 948
130 766
130 391
130 729
130 634
130 1008
130 856
130 858
130 627
131 950
131 1021
131 1025
131 1023
131 1012
131 1022
131 952
131 1017
131 1019
131 1024
132 1017
132 1021
132 950
132 1026
132 1013
132 1023
132 1025
132 1020
132 1015
132 1052
133 951
133 950
133 1026
133 1013
133 1023
133 1017
133 1020
133 1028
133 1015
133 1014
134 951
134 1028
134 866
134 1012
134 1015
134 1013
134 1017
134 1014
134 1020
134 195
135 1017
135 1026
135 951
135 1020
135 1013
135 1023
135 950
135 1029
135 1012
135 1015
136 1021
136 951
136 1031
136 891
136 1013
136 140
136 1125
136 1033
136 1020
136 239
137 952
137 1023
137 1026
137 1034
137 1024
137 1021
137 1052
137 1013
137 837
137 1025
138 953
138 847
138 764
138 897
138 846
138 841
138 848
138 844
138 887
138 1068
139 847
139 897
139 764
139 953
139 846
139 826
139 844
139 848
139 763
139 1038
140 954
140 1038
140 890
140 887
140 1202
140 1039
140 720
140 729
140 726
140 922
141 889
141 843
141 852
141 1059
141 1043
141 851
141 1058
141 424
141 1038
141 930
142 954
142 887
142 1134
142 1136
142 741
142 769
142 827
142 890
142 1125
142 1135
143 1043
143 930
143 1171
143 826
143 1044
143 953
143 765
143 1129
143 889
143 1071
144 955
144 763
144 1363
144 1126
144 839
144 1045
144 1340
144 840
144 846
144 838
145 1051
145 1126
145 839
145 1045
145 1118
145 838
145 763
145 641
145 827
145 928
146 955
146 1045
146 840
146 641
146 854
146 1175
146 730
146 1130
146 1178
146 1134
147 956
147 1050
147 1049
147 1069
147 1171
147 843
147 1358
147 1128
147 1145
147 1357
148 956
148 1048
148 1126
148 1050
148 1127
148 928
148 1051
148 761
148 827
148 763
149 930
149 1070
149 1058
149 926
149 1068
149 1053
149 931
149 1059
149 1051
149 936
150 1074
150 1062
150 1075
150 1202
150 1243
150 923
150 799
150 924
150 124
150 970
151 433
151 251
151 1246
151 287
151 678
151 465
151 1062
151 676
151 101
151 1333
152 671
152 1225
152 547
152 336
152 652
152 1355
152 406
152 1362
152 798
152 1188
153 1063
153 1085
153 1082
153 1081
153 394
153 393
153 323
153 117
153 149
153 329
154 1088
154 1054
154 832
154 1087
154 1086
154 111
154 1063
154 1055
154 1053
154 1108
155 1101
155 1065
155 553
155 806
155 805
155 1099
155 1096
155 1097
155 804
155 1100
156 1096
156 1097
156 553
156 1099
156 1065
156 1100
156 1098
156 1279
156 1117
156 82
157 1006
157 25
157 160
157 332
157 994
157 1393
157 456
157 556
157 318
157 626
158 302
158 552
158 691
158 949
158 1011
158 1199
158 328
158 1269
158 1230
158 982
159 1066
159 1197
159 1259
159 1339
159 1112
159 801
159 846
159 42
159 1115
159 716
160 1071
160 1134
160 885
160 741
160 887
160 890
160 769
160 1172
160 763
160 740
161 1386
161 55
161 54
161 460
161 145
161 1192
161 435
161 366
161 461
161 348
162 55
162 460
162 1386
162 366
162 559
162 1182
162 54
162 145
162 365
162 489
163 492
163 232
163 56
163 1231
163 57
163 373
163 973
163 434
163 688
163 37
164 311
164 265
164 503
164 415
164 316
164 358
164 1187
164 569
164 1364
164 71
165 504
165 71
165 72
165 209
165 569
165 1276
165 335
165 1375
165 491
165 663
166 504
166 209
166 71
166 663
166 72
166 1302
166 569
166 334
166 1276
166 55
167 1279
167 553
167 274
167 82
167 1098
167 1065
167 1100
167 1101
167 1096
167 1099
168 750
168 118
168 341
168 965
168 157
168 217
168 136
168 696
168 213
168 127
169 750
169 118
169 341
169 965
169 157
169 217
169 127
169 136
169 472
169 213
170 238
170 893
170 239
170 904
170 1082
170 139
170 905
170 140
170 223
170 175
171 516
171 431
171 141
171 252
171 904
171 714
171 800
171 188
171 1153
171 755
172 320
172 527
172 322
172 321
172 476
172 478
172 107
172 1235
172 1370
172 266
173 367
173 451
173 532
173 917
173 767
173 251
173 1067
173 777
173 1320
173 916
174 483
174 501
174 523
174 411
174 1157
174 35
174 1390
174 1319
174 1274
174 1151
175 941
175 1221
175 139
175 491
175 1082
175 34
175 1080
175 270
175 666
175 1222
176 542
176 963
176 869
176 1221
176 5
176 1073
176 586
176 606
176 872
176 497
177 589
177 588
177 576
177 543
177 578
177 590
177 216
177 138
177 592
177 237
178 591
178 543
178 31
178 216
178 590
178 592
178 772
178 237
178 589
178 138
179 633
179 682
179 680
179 918
179 224
179 428
179 753
179 930
179 1080
179 147
180 548
180 617
180 622
180 616
180 1324
180 882
180 1103
180 719
180 1391
180 218
181 997
181 993
181 131
181 176
181 243
181 1074
181 610
181 409
181 696
181 970
182 634
182 685
182 686
182 593
182 1300
182 1290
182 211
182 712
182 1338
182 597
183 809
183 804
183 758
183 1243
183 806
183 808
183 811
183 1226
183 88
183 39
184 715
184 207
184 515
184 164
184 703
184 716
184 162
184 1329
184 658
184 67
185 856
185 857
185 1008
185 766
185 858
185 390
185 859
185 658
185 864
185 948
186 1243
186 1074
186 230
186 229
186 1239
186 1062
186 1075
186 803
186 923
186 924
187 763
187 839
187 1126
187 1068
187 841
187 743
187 887
187 847
187 1172
187 955
188 725
188 722
188 640
188 720
188 909
188 908
188 911
188 729
188 102
188 220
189 767
189 640
189 883
189 870
189 865
189 1334
189 907
189 925
189 881
189 833
190 390
190 627
190 856
190 15
190 1339
190 52
190 1008
190 766
190 685
190 911
191 766
191 627
191 827
191 894
191 658
191 15
191 856
191 1392
191 1008
191 75
192 641
192 734
192 733
192 735
192 925
192 647
192 1175
192 875
192 730
192 850
193 730
193 733
193 734
193 422
193 641
193 736
193 648
193 735
193 424
193 1392
194 642
194 932
194 1172
194 744
194 1126
194 957
194 888
194 1178
194 1173
194 769
195 642
195 744
195 1055
195 932
195 831
195 739
195 769
195 1126
195 1173
195 1172
196 184
196 746
196 486
196 1237
196 102
196 875
196 51
196 1323
196 1361
196 44
197 884
197 723
197 881
197 768
197 726
197 865
197 746
197 640
197 909
197 724
198 889
198 887
198 743
198 1068
198 740
198 1126
198 886
198 1174
198 897
198 843
199 930
199 739
199 931
199 1070
199 744
199 1058
199 1362
199 1294
199 1055
199 833
200 1071
200 1053
200 1134
200 889
200 885
200 1068
200 760
200 843
200 897
200 1137
201 625
201 401
201 410
201 1297
201 541
201 1189
201 1296
201 69
201 24
201 1348
202 1285
202 1310
202 232
202 186
202 1309
202 1231
202 122
202 1311
202 605
202 294
203 1285
203 58
203 38
203 211
203 1308
203 1231
203 1262
203 1310
203 370
203 1074
204 147
204 1080
204 208
204 443
204 573
204 937
204 133
204 1229
204 496
204 1311
205 1321
205 1287
205 1323
205 78
205 55
205 1322
205 337
205 1381
205 80
205 73
206 1290
206 879
206 1338
206 516
206 252
206 598
206 1336
206 440
206 1341
206 876
207 1290
207 1338
207 747
207 362
207 859
207 365
207 1341
207 442
207 749
207 189
208 1291
208 1344
208 163
208 1345
208 1347
208 1346
208 1352
208 275
208 164
208 566
209 798
209 959
209 996
209 187
209 651
209 461
209 1364
209 455
209 358
209 55
210 1172
210 1145
210 1171
210 1126
210 743
210 1068
210 938
210 956
210 1132
210 1133
211 739
211 1117
211 897
211 743
211 852
211 887
211 1145
211 885
211 1051
211 769
212 1178
212 1177
212 888
212 838
212 1293
212 1176
212 886
212 1132
212 885
212 1070
213 769
213 885
213 888
213 1146
213 1173
213 741
213 1116
213 887
213 1145
213 765
214 1294
214 1362
214 828
214 831
214 739
214 1036
214 930
214 1126
214 1154
214 47
215 535
215 1253
215 1234
215 1205
215 332
215 25
215 1204
215 295
215 456
215 666
216 958
216 693
216 692
216 175
216 39
216 1156
216 905
216 1225
216 1319
216 904
217 1213
217 1002
217 1395
217 44
217 1161
217 655
217 983
217 559
217 323
217 1394
218 559
218 1393
218 283
218 154
218 655
218 323
218 1002
218 1395
218 1213
218 44
219 1221
219 208
219 1222
219 992
219 530
219 993
219 299
219 371
219 1082
219 1309
220 292
220 16
220 458
220 111
220 325
220 1375
220 527
220 375
220 242
220 321
221 1366
221 292
221 435
221 1371
221 1225
221 754
221 1182
221 458
221 1386
221 579
222 1400
222 419
222 1399
222 1398
222 1130
222 1396
222 1387
222 1358
222 1397
222 1357
223 400
223 1399
223 1398
223 419
223 1400
223 1387
223 412
223 388
223 1396
223 1121
224 1312
224 317
224 1286
224 401
224 656
224 259
224 1296
224 140
224 575
224 236
225 1188
225 1380
225 674
225 1124
225 638
225 225
225 1344
225 200
225 748
225 1345
