0	0
1	0
2	0
3	0
4	0
5	0
6	0
7	0
8	0
9	0
10	0
11	0
12	0
13	0
14	0
15	0
16	0
17	0
18	0
19	0
20	0
21	0
22	0
23	0
24	0
25	0
26	0
27	0
28	0
29	0
30	0
31	0
32	0
33	0
34	0
35	0
36	0
37	0
38	0
39	0
40	0
41	0
42	0
43	0
44	0
45	0
46	0
47	0
48	0
49	0
50	0
51	0
52	0
53	0
54	0
55	0
56	0
57	0
58	0
59	0
60	0
61	0
62	0
63	0
64	0
65	0
66	0
67	0
68	0
69	0
70	0
71	0
72	0
73	0
74	0
75	1
76	0
77	0
78	0
79	0
80	0
81	0
82	0
83	0
84	0
85	0
86	0
87	0
88	0
89	0
90	0
91	0
92	0
93	0
94	0
95	0
96	0
97	0
98	0
99	0
100	0
101	0
102	0
103	0
104	0
105	0
106	0
107	1
108	0
109	0
110	0
111	0
112	0
113	0
114	0
115	0
116	0
117	0
118	0
119	0
120	0
121	0
122	0
123	0
124	0
125	0
126	0
127	0
128	0
129	0
130	0
131	0
132	0
133	0
134	0
135	0
136	1
137	0
138	0
139	0
140	0
141	0
142	0
143	0
144	0
145	0
146	0
147	0
148	0
149	0
150	1
151	0
152	0
153	0
154	0
155	0
156	1
157	0
158	0
159	0
160	0
161	0
162	0
163	0
164	0
165	0
166	0
167	0
168	0
169	0
170	0
171	0
172	0
173	1
174	0
175	1
176	0
177	0
178	1
179	0
180	0
181	0
182	0
183	0
184	0
185	0
186	0
187	0
188	0
189	0
190	0
191	1
192	0
193	0
194	0
195	0
196	0
197	0
198	0
199	0
200	0
201	0
202	0
203	0
204	0
205	0
206	0
207	0
208	0
209	0
210	0
211	0
212	0
213	0
214	0
215	0
216	0
217	1
218	1
219	0
220	0
221	0
222	0
223	0
224	0
225	0
226	0
227	0
228	1
229	0
230	1
231	0
232	0
233	0
234	0
235	2
236	0
237	0
238	0
239	0
240	0
241	0
242	0
243	1
244	0
245	0
246	0
247	0
248	0
249	1
250	0
251	0
252	0
253	0
254	1
255	0
256	0
257	1
258	1
259	0
260	0
261	0
262	0
263	0
264	0
265	0
266	0
267	0
268	1
269	1
270	1
271	0
272	0
273	0
274	0
275	0
276	0
277	0
278	0
279	1
280	0
281	0
282	1
283	0
284	0
285	0
286	1
287	0
288	1
289	0
290	0
291	0
292	0
293	0
294	0
295	0
296	0
297	0
298	1
299	0
300	0
301	0
302	0
303	0
304	0
305	0
306	0
307	0
308	0
309	0
310	0
311	0
312	0
313	0
314	0
315	2
316	0
317	0
318	1
319	0
320	0
321	0
322	1
323	1
324	0
325	0
326	0
327	1
328	0
329	1
330	0
331	1
332	0
333	0
334	0
335	0
336	0
337	0
338	0
339	0
340	0
341	2
342	0
343	0
344	2
345	1
346	0
347	0
348	0
349	0
350	0
351	0
352	0
353	0
354	1
355	0
356	0
357	0
358	0
359	0
360	1
361	0
362	0
363	1
364	0
365	0
366	0
367	0
368	0
369	1
370	1
371	1
372	0
373	0
374	1
375	0
376	0
377	0
378	1
379	0
380	0
381	0
382	0
383	0
384	0
385	0
386	2
387	0
388	0
389	0
390	0
391	2
392	0
393	0
394	0
395	1
396	0
397	0
398	0
399	1
400	0
401	4
402	0
403	1
404	0
405	0
406	0
407	0
408	0
409	0
410	1
411	0
412	2
413	0
414	0
415	0
416	0
417	0
418	1
419	1
420	0
421	0
422	0
423	0
424	0
425	0
426	0
427	0
428	0
429	1
430	0
431	1
432	0
433	0
434	3
435	0
436	1
437	0
438	0
439	2
440	0
441	0
442	1
443	1
444	0
445	0
446	0
447	1
448	2
449	0
450	1
451	1
452	0
453	1
454	0
455	0
456	0
457	2
458	1
459	2
460	0
461	0
462	3
463	1
464	0
465	0
466	0
467	0
468	0
469	0
470	1
471	1
472	3
473	0
474	1
475	0
476	1
477	0
478	1
479	0
480	0
481	0
482	0
483	1
484	0
485	0
486	1
487	0
488	0
489	0
490	0
491	3
492	0
493	0
494	1
495	1
496	0
497	1
498	1
499	0
500	1
501	0
502	0
503	0
504	0
505	0
506	1
507	3
508	1
509	0
510	0
511	2
512	0
513	0
514	3
515	1
516	0
517	1
518	1
519	1
520	1
521	0
522	0
523	1
524	1
525	2
526	0
527	2
528	0
529	3
530	0
531	0
532	0
533	1
534	0
535	2
536	1
537	0
538	0
539	1
540	2
541	2
542	1
543	0
544	2
545	1
546	0
547	0
548	4
549	0
550	0
551	0
552	0
553	1
554	2
555	0
556	1
557	2
558	1
559	1
560	1
561	1
562	2
563	0
564	0
565	1
566	0
567	2
568	1
569	1
570	0
571	0
572	0
573	0
574	1
575	0
576	1
577	0
578	1
579	1
580	2
581	0
582	2
583	1
584	1
585	0
586	1
587	1
588	0
589	0
590	2
591	3
592	1
593	2
594	2
595	1
596	0
597	0
598	1
599	3
600	0
601	2
602	3
603	3
604	1
605	2
606	1
607	2
608	1
609	1
610	1
611	0
612	0
613	0
614	1
615	0
616	5
617	1
618	1
619	0
620	1
621	1
622	0
623	1
624	2
625	1
626	1
627	3
628	0
629	0
630	0
631	1
632	1
633	1
634	2
635	1
636	0
637	1
638	0
639	0
640	1
641	1
642	0
643	2
644	0
645	1
646	2
647	1
648	3
649	2
650	0
651	2
652	0
653	1
654	3
655	0
656	4
657	0
658	1
659	1
660	0
661	2
662	1
663	0
664	1
665	2
666	4
667	0
668	3
669	2
670	2
671	3
672	3
673	1
674	1
675	1
676	2
677	0
678	1
679	1
680	1
681	0
682	4
683	1
684	3
685	2
686	1
687	0
688	2
689	1
690	3
691	0
692	2
693	2
694	1
695	2
696	4
697	0
698	0
699	3
700	1
701	0
702	3
703	0
704	0
705	2
706	2
707	1
708	1
709	1
710	0
711	2
712	3
713	1
714	2
715	2
716	3
717	1
718	2
719	0
720	2
721	1
722	3
723	2
724	0
725	3
726	1
727	2
728	2
729	2
730	2
731	1
732	1
733	5
734	3
735	6
736	2
737	3
738	2
739	2
740	4
741	1
742	1
743	2
744	3
745	1
746	4
747	1
748	0
749	5
750	2
751	1
752	2
753	2
754	4
755	2
756	4
757	0
758	5
759	1
760	1
761	1
762	2
763	2
764	2
765	1
766	0
767	2
768	2
769	1
770	2
771	0
772	2
773	1
774	2
775	0
776	1
777	3
778	5
779	2
780	1
781	0
782	3
783	2
784	2
785	1
786	3
787	4
788	1
789	3
790	4
791	1
792	0
793	2
794	1
795	3
796	3
797	2
798	0
799	2
800	4
801	0
802	6
803	3
804	2
805	0
806	0
807	1
808	3
809	0
810	0
811	2
812	2
813	1
814	1
815	1
816	0
817	1
818	1
819	5
820	2
821	5
822	2
823	5
824	2
825	2
826	5
827	1
828	3
829	1
830	3
831	2
832	0
833	1
834	2
835	2
836	0
837	2
838	3
839	5
840	0
841	2
842	0
843	3
844	3
845	2
846	2
847	3
848	1
849	1
850	1
851	2
852	1
853	1
854	3
855	1
856	3
857	3
858	3
859	2
860	2
861	2
862	4
863	2
864	2
865	2
866	2
867	1
868	2
869	2
870	4
871	1
872	1
873	5
874	2
875	1
876	2
877	2
878	2
879	3
880	3
881	0
882	3
883	2
884	0
885	1
886	5
887	2
888	1
889	1
890	4
891	2
892	5
893	3
894	2
895	2
896	3
897	2
898	3
899	1
900	1
901	6
902	3
903	2
904	3
905	2
906	2
907	4
908	1
909	1
910	0
911	3
912	4
913	3
914	4
915	4
916	4
917	4
918	1
919	2
920	1
921	1
922	4
923	3
924	2
925	1
926	1
927	3
928	5
929	4
930	4
931	3
932	3
933	2
934	2
935	1
936	2
937	4
938	0
939	2
940	1
941	3
942	4
943	0
944	2
945	3
946	2
947	2
948	2
949	2
950	4
951	3
952	3
953	2
954	7
955	4
956	2
957	3
958	4
959	3
960	6
961	5
962	2
963	1
964	5
965	3
966	2
967	2
968	4
969	2
970	7
971	4
972	8
973	1
974	1
975	3
976	4
977	2
978	6
979	2
980	3
981	5
982	6
983	2
984	1
985	2
986	2
987	1
988	2
989	0
990	1
991	2
992	5
993	4
994	3
995	4
996	2
997	6
998	4
999	1
